num,age,class
91,910.0,1
114,97.4,1
110,97.4,1
12,910.0,1
254,910.0,1
816,29.6,1
420,29.6,1
502,910.0,1
247,29.6,1
160,29.6,1
142,29.6,1
437,29.6,1
146,97.4,1
234,97.4,1
342,29.6,1
620,29.6,1
251,29.6,1
274,29.6,1
184,29.6,1
512,29.6,1
184,29.6,1
276,97.4,1
135,29.6,1
94,97.4,1
136,97.4,1
236,97.4,1
97,97.4,1
252,97.4,1
750,535.7,1
771,535.7,1
95,97.4,1
293,535.7,1
441,535.7,1
430,535.7,1
249,97.4,1
74,535.7,1
395,97.4,1
58,535.7,1
167,29.6,1
129,29.6,1
144,29.6,1
151,29.6,1
55,29.6,1
671,535.7,1
552,97.4,1
203,910.0,1
214,910.0,1
175,910.0,1
159,910.0,1
93,910.0,1
497,29.6,1
327,97.4,1
257,97.4,1
439,29.6,1
66,29.6,1
797,535.7,1
1118,535.7,1
226,910.0,1
303,910.0,1
558,29.6,1
184,29.6,1
201,29.6,1
1268,910.0,1
562,910.0,1
135,535.7,1
569,535.7,1
363,910.0,1
583,910.0,1
11,29.6,1
9,29.6,1
11,29.6,1
484,535.7,1
845,535.7,1
174,97.4,1
168,97.4,1
137,97.4,1
209,97.4,1
48,97.4,1
83,29.6,1
184,29.6,1
67,29.6,1
95,29.6,1
113,29.6,1
435,29.6,1
14,29.6,1
401,29.6,1
265,29.6,1
83,29.6,1
334,29.6,1
326,29.6,1
438,29.6,1
341,29.6,1
256,29.6,1
225,29.6,1
256,29.6,1
198,29.6,1
198,361.2,1
523,361.2,1
597,361.2,1
523,361.2,1
532,361.2,1
65,910.0,1
157,910.0,1
125,89.1,1
152,97.4,1
116,97.4,1
27,97.4,1
521,97.4,1
27,97.4,1
63,97.4,1
127,97.4,1
131,89.1,1
56,89.1,1
52,89.1,1
91,29.6,1
324,29.6,1
406,535.7,1
425,535.7,1
49,97.4,1
87,29.6,1
92,29.6,1
411,29.6,1
363,29.6,1
183,97.4,1
91,89.1,1
40,29.6,1
526,29.6,1
472,29.6,1
423,29.6,1
564,29.6,1
388,29.6,1
155,29.6,1
364,29.6,1
261,97.4,1
263,97.4,1
857,535.7,1
875,535.7,1
489,535.7,1
482,535.7,1
56,910.0,1
220,97.4,1
106,97.4,1
182,97.4,1
1258,535.7,1
123,910.0,1
47,97.4,1
222,97.4,1
530,910.0,1
100,97.4,1
679,910.0,1
139,97.4,1
182,97.4,1
275,29.6,1
114,97.4,1
111,97.4,1
87,910.0,1
49,97.4,1
70,535.7,1
12,29.6,1
73,29.6,1
62,29.6,1
387,910.0,1
63,29.6,1
61,29.6,1
302,910.0,1
78,97.4,1
79,97.4,1
104,910.0,1
75,535.7,1
88,535.7,1
213,29.6,1
985,29.6,1
375,29.6,1
369,29.6,1
1095,535.7,1
953,535.7,1
108,97.4,1
146,97.4,1
565,97.4,1
144,29.6,1
222,29.6,1
347,910.0,1
279,535.7,1
44,0.0,1
45,0.0,1
491,0.0,1
532,0.0,1
532,0.0,1
88,29.6,1
362,910.0,1
497,910.0,1
291,535.7,1
162,97.4,1
57,97.4,1
47,97.4,1
366,97.4,1
209,97.4,1
412,97.4,1
106,910.0,1
93,910.0,1
110,97.4,1
830,910.0,1
1408,535.7,1
123,97.4,1
80,97.4,0
168,97.4,0
495,97.4,0
870,97.4,0
276,97.4,0
115,29.6,0
120,29.6,0
20,29.6,0
168,29.6,0
104,29.6,0
9,29.6,0
254,29.6,0
45,29.6,0
1035,910.0,0
139,910.0,0
16,97.4,0
57,29.6,0
259,535.7,0
335,97.4,0
75,97.4,0
444,535.7,0
353,910.0,0
231,910.0,0
116,29.6,0
238,29.6,0
526,97.4,0
45,0.0,0
37,89.1,0
174,97.4,0
236,97.4,0
276,29.6,0
37,97.4,0
688,910.0,0
478,361.2,0
88,97.4,0
145,97.4,0
178,97.4,0
118,535.7,0
23,535.7,0
164,535.7,0
139,0.0,0
203,0.0,0
156,29.6,0
831,535.7,0
148,97.4,0
179,29.6,0
267,29.6,0
157,97.4,0
311,97.4,0
14,97.4,0
62,535.7,0
34,535.7,0
90,29.6,0
33,29.6,0
205,29.6,0
108,29.6,0
63,97.4,0
109,29.6,0
97,29.6,0
53,910.0,0
56,910.0,0
221,97.4,0
91,29.6,0
65,97.4,0
178,29.6,0
156,910.0,0
165,910.0,0
85,97.4,0
44,89.1,0
208,535.7,0
458,535.7,0
962,97.4,0
309,97.4,0
122,97.4,0
333,97.4,0
253,97.4,0
70,29.6,0
25,535.7,0
25,535.7,0
114,97.4,0
187,535.7,0
328,535.7,0
37,97.4,0
38,97.4,0
97,29.6,0
40,29.6,0
6,29.6,0
79,29.6,0
223,29.6,0
221,29.6,0
211,29.6,0
226,29.6,0
152,97.4,0
44,89.1,0
128,0.0,0
349,0.0,0
634,535.7,0
434,97.4,0
83,361.2,0
1092,535.7,0
286,0.0,0
286,0.0,0
158,0.0,0
238,0.0,0
201,29.6,0
32,29.6,0
209,29.6,0
74,0.0,0
202,0.0,0
39,29.6,0
224,29.6,0
8,97.4,0
221,29.6,0
140,29.6,0
85,535.7,0
55,535.7,0
66,97.4,0
135,29.6,0
227,535.7,0
148,910.0,0
403,535.7,0
130,89.1,0
116,97.4,0
293,97.4,0
166,89.1,0
72,29.6,0
147,29.6,0
120,29.6,0
183,910.0,0
28,910.0,0
350,97.4,0
223,97.4,0
111,97.4,0
799,97.4,0
129,97.4,0
45,29.6,0
433,29.6,0
221,97.4,0
14,29.6,0
372,29.6,0
933,97.4,0
153,97.4,0
624,97.4,0
397,97.4,0
311,97.4,0
271,97.4,0
31,29.6,0
84,97.4,0
294,29.6,0
149,0.0,0
48,97.4,0
1885,535.7,0
411,29.6,0
142,97.4,0
346,97.4,0
276,97.4,0
50,97.4,0
16,29.6,0
329,29.6,0
193,97.4,0
107,29.6,0
55,97.4,0
276,535.7,0
147,535.7,0
50,535.7,0
50,535.7,0
91,535.7,0
98,535.7,0
159,29.6,0
46,29.6,0
415,535.7,0
440,535.7,0
38,0.0,0
297,0.0,0
199,97.4,0
157,97.4,0
179,97.4,0
226,29.6,0
330,29.6,0
104,29.6,0
100,97.4,0
147,97.4,0
284,97.4,0
144,97.4,0
39,97.4,0
196,29.6,0
141,97.4,0
65,89.1,0
112,0.0,0
48,0.0,0
273,29.6,0
13,97.4,0
213,910.0,0
51,29.6,0
457,29.6,0
53,29.6,0
14,29.6,0
80,29.6,0
69,29.6,0
112,97.4,0
19,29.6,0
192,29.6,0
40,29.6,0
48,29.6,0
67,29.6,0
37,29.6,0
242,97.4,0
54,535.7,0
51,535.7,0
537,97.4,0
495,97.4,0
391,97.4,0
175,361.2,0
464,97.4,0
65,910.0,0
222,97.4,0
2852,97.4,0
81,97.4,0
454,97.4,0
230,97.4,0
287,910.0,0
124,910.0,0
152,97.4,0
56,29.6,0
134,29.6,0
75,29.6,0
85,29.6,0
161,97.4,0
174,97.4,0
125,97.4,0
232,29.6,0
250,29.6,0
102,97.4,0
96,97.4,0
45,97.4,0
178,97.4,0
168,89.1,0
311,97.4,0
137,97.4,0
94,97.4,0
129,97.4,0
152,535.7,0
118,97.4,0
595,97.4,0
29,97.4,0
201,97.4,0
196,97.4,0
58,97.4,0
210,97.4,0
467,535.7,0
270,97.4,0
204,97.4,0
249,535.7,0
122,910.0,0
190,97.4,0
137,97.4,0
234,910.0,0
160,97.4,0
101,97.4,0
84,97.4,0
81,97.4,0
313,97.4,0
44,97.4,0
84,97.4,0
144,97.4,0
18,97.4,0
166,535.7,0
147,0.0,0
302,0.0,0
342,535.7,0
432,535.7,0
97,0.0,0
97,0.0,0
491,97.4,0
145,29.6,0
16,29.6,0
49,29.6,0
131,97.4,0
321,29.6,0
285,29.6,0
113,29.6,0
105,29.6,0
45,29.6,0
76,29.6,0
197,97.4,0
160,97.4,0
56,910.0,0
668,910.0,0
232,910.0,0
182,910.0,0
8,535.7,0
138,535.7,0
113,97.4,0
82,97.4,0
409,97.4,0
380,97.4,0
86,29.6,0
294,535.7,0
477,535.7,0
93,910.0,0
175,0.0,0
121,29.6,0
54,97.4,0
41,97.4,0
199,29.6,0
41,97.4,0
91,29.6,0
71,29.6,0
32,97.4,0
74,0.0,0
134,0.0,0
140,97.4,0
790,29.6,0
686,97.4,0
459,910.0,0
138,29.6,0
108,29.6,0
17,29.6,0
54,29.6,0
115,29.6,0
171,29.6,0
365,97.4,0
7,0.0,0
199,29.6,0
149,29.6,0
118,29.6,0
27,29.6,0
350,29.6,0
83,97.4,0
85,29.6,0
102,29.6,0
110,97.4,0
153,97.4,0
139,29.6,0
209,29.6,0
49,29.6,0
129,97.4,0
587,97.4,0
160,97.4,0
76,97.4,0
291,29.6,0
370,361.2,0
575,97.4,0
274,97.4,0
72,97.4,0
59,29.6,0
135,97.4,0
22,29.6,0
165,29.6,0
249,89.1,0
320,97.4,0
367,97.4,0
258,97.4,0
87,29.6,0
112,97.4,0
232,910.0,0
422,535.7,0
255,535.7,0
154,97.4,0
216,97.4,0
