num,age,class
1,29.6,1
2,97.4,1
4,97.4,1
2,97.4,1
110,910.0,1
95,910.0,1
3,97.4,1
5,97.4,1
8,29.6,1
9,29.6,1
8,29.6,1
7,29.6,1
10,29.6,1
3,29.6,1
44,910.0,1
8,29.6,1
65,535.7,1
3,29.6,1
95,910.0,1
92,910.0,1
4,97.4,1
3,97.4,1
4,97.4,1
50,535.7,1
31,535.7,1
23,535.7,1
18,535.7,1
76,910.0,1
9,97.4,1
3,97.4,1
8,97.4,1
3,29.6,1
168,535.7,1
1,29.6,1
1,29.6,1
3,97.4,1
9,97.4,1
4,29.6,1
5,97.4,1
5,97.4,1
3,97.4,1
80,535.7,1
112,535.7,1
2,97.4,1
50,535.7,1
49,535.7,1
5,29.6,1
6,29.6,1
18,910.0,1
3,29.6,1
3,29.6,1
4,29.6,1
56,910.0,1
79,910.0,1
121,535.7,1
5,97.4,1
5,97.4,1
3,29.6,1
14,97.4,1
6,97.4,1
4,97.4,1
4,97.4,1
3,97.4,1
65,910.0,1
65,910.0,1
35,910.0,1
8,97.4,1
6,97.4,1
9,97.4,1
57,910.0,1
24,535.7,1
101,535.7,1
58,910.0,1
1,97.4,1
1,29.6,1
4,97.4,1
84,535.7,1
38,535.7,1
2,97.4,1
3,97.4,1
5,361.2,1
4,97.4,1
4,97.4,1
18,361.2,1
18,361.2,1
35,910.0,1
2,29.6,1
6,29.6,1
1,97.4,1
1,97.4,1
25,535.7,1
4,29.6,1
4,29.6,1
29,535.7,1
29,535.7,1
24,535.7,1
14,535.7,1
4,97.4,1
2,97.4,1
4,97.4,1
3,97.4,1
15,910.0,1
6,29.6,1
6,97.4,1
5,97.4,1
2,97.4,1
19,97.4,1
38,535.7,1
2,97.4,1
110,910.0,1
2,29.6,1
2,97.4,1
2,97.4,1
2,97.4,1
6,29.6,1
2,29.6,1
6,29.6,1
16,910.0,1
2,29.6,1
12,361.2,1
18,361.2,1
48,910.0,1
35,535.7,1
1,29.6,1
1,29.6,1
51,910.0,1
21,910.0,1
1,0.0,1
1,0.0,1
1,0.0,1
90,910.0,1
56,910.0,1
3,29.6,1
7,97.4,1
5,97.4,1
25,910.0,1
56,910.0,1
1,29.6,1
1,29.6,1
1,29.6,1
7,535.7,1
7,535.7,1
48,910.0,1
3,97.4,1
1,29.6,1
1,29.6,1
15,535.7,1
21,535.7,1
1,97.4,1
7,97.4,1
2,97.4,1
2,97.4,1
2,97.4,1
2,97.4,1
2,97.4,1
2,97.4,1
7,97.4,1
2,97.4,1
84,910.0,1
84,910.0,1
88,910.0,1
24,535.7,1
22,535.7,1
1,97.4,1
5,97.4,1
28,97.4,1
5,97.4,1
4,97.4,1
6,97.4,1
4,97.4,1
53,910.0,1
54,910.0,1
66,535.7,1
60,535.7,1
4,29.6,1
3,29.6,1
1,29.6,1
47,535.7,1
53,535.7,1
54,910.0,1
1,0.0,1
53,910.0,1
1,0.0,1
1,0.0,1
4,535.7,1
1,29.6,1
13,535.7,1
6,29.6,1
6,29.6,1
5,29.6,1
5,29.6,1
9,97.4,1
1,29.6,1
2,29.6,1
1,29.6,1
1,29.6,1
1,29.6,1
1,97.4,1
4,97.4,1
4,29.6,1
1,29.6,0
3,97.4,0
3,97.4,0
41,910.0,0
25,97.4,0
77,535.7,0
1,97.4,0
5,97.4,0
7,97.4,0
6,97.4,0
14,97.4,0
2,29.6,0
20,97.4,0
25,361.2,0
27,535.7,0
2,29.6,0
5,29.6,0
4,29.6,0
2,29.6,0
1,97.4,0
26,910.0,0
25,910.0,0
2,29.6,0
32,910.0,0
67,910.0,0
14,97.4,0
1,29.6,0
2,29.6,0
1,29.6,0
11,29.6,0
1,29.6,0
1,910.0,0
1,29.6,0
1,29.6,0
142,910.0,0
54,910.0,0
58,910.0,0
9,910.0,0
5,910.0,0
2,97.4,0
1,29.6,0
1,29.6,0
2,97.4,0
26,535.7,0
25,535.7,0
9,97.4,0
6,97.4,0
8,97.4,0
24,97.4,0
1,97.4,0
1,29.6,0
2,29.6,0
68,535.7,0
20,535.7,0
43,910.0,0
3,29.6,0
1,97.4,0
1,29.6,0
2,97.4,0
2,97.4,0
3,29.6,0
5,97.4,0
16,97.4,0
1,29.6,0
1,29.6,0
1,97.4,0
2,97.4,0
18,535.7,0
14,535.7,0
6,97.4,0
1,0.0,0
1,97.4,0
40,535.7,0
41,535.7,0
62,910.0,0
15,910.0,0
11,97.4,0
3,97.4,0
1,0.0,0
8,361.2,0
2,97.4,0
1,97.4,0
14,97.4,0
1,97.4,0
7,361.2,0
14,97.4,0
10,910.0,0
46,910.0,0
1,97.4,0
3,535.7,0
34,535.7,0
1,535.7,0
1,29.6,0
11,97.4,0
28,97.4,0
5,97.4,0
8,97.4,0
8,97.4,0
4,97.4,0
20,535.7,0
6,910.0,0
4,910.0,0
2,29.6,0
1,29.6,0
1,29.6,0
2,97.4,0
1,29.6,0
4,97.4,0
2,97.4,0
4,97.4,0
2,97.4,0
9,97.4,0
1,29.6,0
2,29.6,0
17,97.4,0
31,29.6,0
22,97.4,0
47,910.0,0
3,29.6,0
1,29.6,0
12,97.4,0
17,535.7,0
21,535.7,0
81,910.0,0
12,535.7,0
1,29.6,0
2,29.6,0
1,97.4,0
8,97.4,0
4,97.4,0
6,29.6,0
1,97.4,0
32,535.7,0
33,535.7,0
12,910.0,0
1,97.4,0
4,29.6,0
1,29.6,0
11,29.6,0
1,29.6,0
3,97.4,0
1,97.4,0
21,535.7,0
1,29.6,0
1,97.4,0
1,97.4,0
8,97.4,0
8,97.4,0
4,97.4,0
6,97.4,0
2,29.6,0
23,535.7,0
37,535.7,0
58,535.7,0
3,97.4,0
58,910.0,0
48,910.0,0
49,910.0,0
40,910.0,0
43,910.0,0
1,97.4,0
12,97.4,0
8,97.4,0
3,97.4,0
17,97.4,0
17,535.7,0
160,535.7,0
109,535.7,0
30,97.4,0
99,535.7,0
134,535.7,0
17,97.4,0
4,97.4,0
4,97.4,0
89,910.0,0
80,910.0,0
5,97.4,0
1,97.4,0
2,29.6,0
2,97.4,0
2,97.4,0
1,29.6,0
3,29.6,0
1,97.4,0
4,97.4,0
28,535.7,0
33,910.0,0
3,97.4,0
10,97.4,0
143,535.7,0
58,535.7,0
20,535.7,0
24,535.7,0
68,910.0,0
47,535.7,0
80,535.7,0
13,361.2,0
11,97.4,0
5,97.4,0
36,535.7,0
34,535.7,0
2,97.4,0
2,97.4,0
9,97.4,0
1,29.6,0
54,535.7,0
27,535.7,0
15,97.4,0
1,29.6,0
65,910.0,0
2,97.4,0
3,29.6,0
9,29.6,0
44,910.0,0
42,910.0,0
12,97.4,0
30,535.7,0
5,97.4,0
5,910.0,0
37,910.0,0
33,535.7,0
28,535.7,0
14,535.7,0
45,535.7,0
1,0.0,0
11,97.4,0
2,97.4,0
1,97.4,0
66,535.7,0
63,535.7,0
