19,910.0,Family
16,97.4,Family
17,97.4,Family
19,910.0,Family
19,910.0,Family
16,29.6,Family
9,29.6,Family
14,29.6,Family
17,29.6,Family
17,29.6,Family
17,97.4,Family
17,97.4,Family
17,29.6,Family
18,29.6,Family
18,29.6,Family
13,29.6,Family
18,29.6,Family
17,29.6,Family
18,29.6,Family
17,29.6,Family
9,97.4,Family
16,29.6,Family
15,29.6,Family
17,97.4,Family
19,97.4,Family
17,97.4,Family
15,97.4,Family
16,97.4,Family
19,535.7,Family
19,535.7,Family
15,97.4,Family
19,535.7,Family
18,535.7,Family
17,97.4,Family
18,535.7,Family
14,97.4,Family
16,535.7,Family
14,29.6,Family
13,29.6,Family
12,29.6,Family
16,29.6,Family
15,29.6,Family
19,535.7,Family
19,910.0,Family
19,910.0,Family
19,910.0,Family
19,910.0,Family
19,910.0,Family
6,29.6,Family
19,29.6,Family
18,97.4,Family
7,97.4,Family
10,29.6,Family
14,29.6,Family
19,535.7,Family
19,535.7,Family
19,910.0,Family
19,910.0,Family
16,29.6,Family
16,29.6,Family
19,29.6,Family
19,910.0,Family
16,29.6,Family
18,535.7,Family
19,535.7,Family
19,910.0,Family
19,910.0,Family
13,29.6,Family
14,29.6,Family
14,29.6,Family
14,29.6,Family
19,535.7,Family
19,535.7,Family
11,97.4,Family
8,97.4,Family
19,97.4,Family
18,97.4,Family
18,97.4,Family
19,97.4,Family
18,29.6,Family
16,29.6,Family
15,29.6,Family
9,29.6,Family
14,29.6,Family
18,29.6,Family
16,29.6,Family
17,29.6,Family
19,29.6,Family
11,29.6,Family
14,29.6,Family
18,29.6,Family
17,29.6,Family
14,29.6,Family
13,29.6,Family
11,29.6,Family
18,29.6,Family
18,29.6,Family
0,361.2,Family
9,361.2,Family
5,361.2,Family
5,361.2,Family
7,361.2,Family
11,29.6,Family
19,910.0,Family
9,910.0,Family
14,89.1,Family
4,97.4,Family
9,97.4,Family
13,97.4,Family
18,97.4,Family
17,97.4,Family
19,97.4,Family
14,97.4,Family
16,97.4,Family
17,97.4,Family
7,89.1,Family
10,89.1,Family
13,89.1,Family
1,29.6,Family
17,29.6,Family
19,29.6,Family
17,29.6,Family
17,535.7,Family
19,535.7,Family
18,29.6,Family
9,89.1,Family
17,29.6,Family
13,29.6,Family
12,29.6,Family
15,29.6,Family
14,29.6,Family
19,910.0,Family
13,29.6,Family
19,97.4,Family
19,97.4,Family
19,535.7,Family
19,535.7,Family
19,535.7,Family
19,535.7,Family
18,910.0,Family
18,97.4,Family
2,97.4,Family
19,97.4,Family
19,535.7,Family
18,910.0,Family
15,97.4,Family
18,97.4,Family
19,910.0,Family
19,910.0,Family
13,97.4,Family
15,97.4,Family
19,535.7,Family
13,97.4,Family
15,97.4,Family
13,910.0,Family
14,97.4,Family
19,535.7,Family
16,29.6,Family
19,910.0,Family
13,29.6,Family
19,910.0,Family
13,29.6,Family
16,29.6,Family
19,910.0,Family
16,97.4,Family
17,97.4,Family
13,97.4,Family
19,910.0,Family
18,535.7,Family
17,535.7,Family
10,29.6,Family
16,29.6,Family
17,29.6,Family
15,29.6,Family
19,535.7,Family
19,535.7,Family
14,97.4,Family
16,97.4,Family
17,97.4,Family
18,29.6,Family
17,29.6,Family
19,910.0,Family
19,535.7,Family
5,0.0,Family
3,0.0,Family
1,0.0,Family
3,0.0,Family
3,0.0,Family
8,29.6,Family
19,910.0,Family
19,910.0,Family
19,535.7,Family
17,97.4,Family
18,97.4,Family
20,97.4,Family
16,97.4,Family
19,97.4,Family
19,97.4,Family
18,910.0,Family
18,910.0,Family
13,97.4,Family
19,910.0,Family
19,535.7,Family
19,97.4,Family
13,97.4,0
19,97.4,0
16,97.4,0
18,97.4,0
17,97.4,0
7,29.6,0
1,29.6,0
0,29.6,0
0,29.6,0
17,29.6,0
0,29.6,0
14,29.6,0
16,29.6,0
19,910.0,0
19,910.0,0
14,97.4,0
7,29.6,0
18,535.7,0
19,535.7,0
19,535.7,0
16,97.4,0
16,97.4,0
16,910.0,0
16,910.0,0
15,29.6,0
18,29.6,0
17,97.4,0
2,0.0,0
1,89.1,0
19,97.4,0
1,97.4,0
13,29.6,0
11,89.1,0
18,97.4,0
15,361.2,0
0,97.4,0
19,97.4,0
14,97.4,0
4,535.7,0
18,535.7,0
19,535.7,0
16,0.0,0
17,0.0,0
18,29.6,0
16,97.4,0
8,29.6,0
15,29.6,0
8,97.4,0
18,97.4,0
3,97.4,0
10,535.7,0
12,535.7,0
12,29.6,0
18,29.6,0
18,29.6,0
19,97.4,0
8,29.6,0
8,29.6,0
16,910.0,0
13,910.0,0
20,97.4,0
12,29.6,0
4,97.4,0
19,97.4,0
7,29.6,0
3,29.6,0
18,29.6,0
11,910.0,0
18,910.0,0
9,97.4,0
18,89.1,0
19,97.4,0
19,97.4,0
15,97.4,0
19,97.4,0
18,97.4,0
0,97.4,0
0,29.6,0
17,535.7,0
19,535.7,0
19,97.4,0
14,535.7,0
19,535.7,0
4,97.4,0
2,29.6,0
9,29.6,0
6,29.6,0
14,29.6,0
15,29.6,0
4,29.6,0
19,97.4,0
12,0.0,0
15,0.0,0
16,97.4,0
19,535.7,0
19,97.4,0
19,361.2,0
19,535.7,0
15,0.0,0
9,0.0,0
15,0.0,0
7,0.0,0
6,89.1,0
8,29.6,0
9,29.6,0
8,0.0,0
16,0.0,0
10,29.6,0
1,29.6,0
0,97.4,0
10,29.6,0
16,29.6,0
0,29.6,0
6,535.7,0
14,535.7,0
10,97.4,0
14,29.6,0
18,910.0,0
15,535.7,0
2,89.1,0
19,97.4,0
19,97.4,0
1,89.1,0
0,29.6,0
16,29.6,0
11,29.6,0
3,29.6,0
7,29.6,0
19,910.0,0
19,910.0,0
19,97.4,0
18,97.4,0
16,97.4,0
20,97.4,0
18,97.4,0
15,29.6,0
20,29.6,0
18,97.4,0
18,97.4,0
19,97.4,0
18,97.4,0
18,97.4,0
18,97.4,0
19,97.4,0
18,29.6,0
0,97.4,0
18,97.4,0
14,29.6,0
13,0.0,0
3,97.4,0
19,535.7,0
17,29.6,0
18,97.4,0
19,97.4,0
18,97.4,0
15,97.4,0
14,97.4,0
3,29.6,0
3,29.6,0
18,97.4,0
18,29.6,0
15,97.4,0
16,535.7,0
5,535.7,0
7,535.7,0
17,535.7,0
13,29.6,0
8,29.6,0
19,535.7,0
19,535.7,0
12,0.0,0
11,0.0,0
18,910.0,0
18,97.4,0
5,97.4,0
19,910.0,0
11,29.6,0
13,29.6,0
18,29.6,0
16,97.4,0
16,97.4,0
11,97.4,0
20,97.4,0
15,97.4,0
16,29.6,0
13,97.4,0
9,0.0,0
8,89.1,0
0,0.0,0
1,0.0,0
15,29.6,0
17,97.4,0
14,910.0,0
11,29.6,0
16,29.6,0
17,29.6,0
13,29.6,0
17,29.6,0
4,29.6,0
17,97.4,0
11,29.6,0
1,29.6,0
15,29.6,0
1,29.6,0
0,29.6,0
13,29.6,0
17,97.4,0
18,97.4,0
17,535.7,0
15,535.7,0
19,97.4,0
19,361.2,0
19,97.4,0
15,910.0,0
19,97.4,0
19,97.4,0
15,97.4,0
19,97.4,0
19,97.4,0
18,910.0,0
18,910.0,0
16,97.4,0
19,535.7,0
19,535.7,0
0,29.6,0
2,29.6,0
0,29.6,0
4,29.6,0
18,97.4,0
19,97.4,0
16,97.4,0
4,29.6,0
16,29.6,0
18,97.4,0
14,97.4,0
17,97.4,0
19,97.4,0
4,89.1,0
18,97.4,0
16,97.4,0
16,97.4,0
17,97.4,0
19,535.7,0
18,97.4,0
19,97.4,0
0,97.4,0
19,97.4,0
12,97.4,0
10,97.4,0
19,97.4,0
19,535.7,0
19,535.7,0
19,97.4,0
18,97.4,0
19,535.7,0
16,910.0,0
17,97.4,0
18,97.4,0
18,910.0,0
3,97.4,0
3,97.4,0
9,97.4,0
17,97.4,0
14,97.4,0
18,97.4,0
1,97.4,0
2,97.4,0
19,535.7,0
18,0.0,0
14,0.0,0
19,535.7,0
19,535.7,0
6,0.0,0
14,0.0,0
20,97.4,0
18,29.6,0
14,29.6,0
2,29.6,0
19,97.4,0
12,29.6,0
16,29.6,0
12,29.6,0
17,29.6,0
16,29.6,0
7,29.6,0
18,97.4,0
18,97.4,0
19,910.0,0
17,910.0,0
19,910.0,0
16,535.7,0
18,535.7,0
18,97.4,0
16,97.4,0
19,97.4,0
19,97.4,0
10,29.6,0
19,535.7,0
19,535.7,0
14,910.0,0
14,0.0,0
12,29.6,0
15,97.4,0
5,97.4,0
1,29.6,0
9,97.4,0
0,29.6,0
16,29.6,0
19,97.4,0
14,0.0,0
9,0.0,0
16,97.4,0
17,29.6,0
17,97.4,0
18,910.0,0
6,29.6,0
12,29.6,0
6,29.6,0
0,29.6,0
17,29.6,0
19,29.6,0
20,97.4,0
18,535.7,0
18,535.7,0
5,29.6,0
15,29.6,0
14,29.6,0
12,29.6,0
0,29.6,0
18,29.6,0
16,97.4,0
9,29.6,0
1,29.6,0
19,97.4,0
18,97.4,0
2,29.6,0
17,29.6,0
14,29.6,0
18,97.4,0
19,97.4,0
18,97.4,0
11,29.6,0
2,361.2,0
19,97.4,0
18,97.4,0
0,97.4,0
1,29.6,0
7,97.4,0
9,97.4,0
1,29.6,0
0,29.6,0
16,97.4,0
15,97.4,0
7,29.6,0
13,97.4,0
19,910.0,0
19,535.7,0
19,535.7,0
17,97.4,0
18,97.4,0
