19,910.0,1
16,97.4,1
17,97.4,1
19,910.0,1
19,910.0,1
16,29.6,1
9,29.6,1
14,29.6,1
17,29.6,1
17,29.6,1
17,97.4,1
17,97.4,1
17,29.6,1
18,29.6,1
18,29.6,1
13,29.6,1
18,29.6,1
17,29.6,1
18,29.6,1
17,29.6,1
9,97.4,1
16,29.6,1
15,29.6,1
17,97.4,1
19,97.4,1
17,97.4,1
15,97.4,1
16,97.4,1
19,535.7,1
19,535.7,1
15,97.4,1
19,535.7,1
18,535.7,1
17,97.4,1
18,535.7,1
14,97.4,1
16,535.7,1
14,29.6,1
13,29.6,1
12,29.6,1
16,29.6,1
15,29.6,1
19,535.7,1
19,910.0,1
19,910.0,1
19,910.0,1
19,910.0,1
19,910.0,1
6,29.6,1
19,29.6,1
18,97.4,1
7,97.4,1
10,29.6,1
14,29.6,1
19,535.7,1
19,535.7,1
19,910.0,1
19,910.0,1
16,29.6,1
16,29.6,1
19,29.6,1
19,910.0,1
16,29.6,1
18,535.7,1
19,535.7,1
19,910.0,1
19,910.0,1
13,29.6,1
14,29.6,1
14,29.6,1
14,29.6,1
19,535.7,1
19,535.7,1
11,97.4,1
8,97.4,1
19,97.4,1
18,97.4,1
18,97.4,1
19,97.4,1
18,29.6,1
16,29.6,1
15,29.6,1
9,29.6,1
14,29.6,1
18,29.6,1
16,29.6,1
17,29.6,1
19,29.6,1
11,29.6,1
14,29.6,1
18,29.6,1
17,29.6,1
14,29.6,1
13,29.6,1
11,29.6,1
18,29.6,1
18,29.6,1
0,361.2,1
9,361.2,1
5,361.2,1
5,361.2,1
7,361.2,1
11,29.6,1
19,910.0,1
9,910.0,1
14,89.1,1
4,97.4,1
9,97.4,1
13,97.4,1
18,97.4,1
17,97.4,1
19,97.4,1
14,97.4,1
16,97.4,1
17,97.4,1
7,89.1,1
10,89.1,1
13,89.1,1
1,29.6,1
17,29.6,1
19,29.6,1
17,29.6,1
17,535.7,1
19,535.7,1
18,29.6,1
9,89.1,1
17,29.6,1
13,29.6,1
12,29.6,1
15,29.6,1
14,29.6,1
19,910.0,1
13,29.6,1
19,97.4,1
19,97.4,1
19,535.7,1
19,535.7,1
19,535.7,1
19,535.7,1
18,910.0,1
18,97.4,1
2,97.4,1
19,97.4,1
19,535.7,1
18,910.0,1
15,97.4,1
18,97.4,1
19,910.0,1
19,910.0,1
13,97.4,1
15,97.4,1
19,535.7,1
13,97.4,1
15,97.4,1
13,910.0,1
14,97.4,1
19,535.7,1
16,29.6,1
19,910.0,1
13,29.6,1
19,910.0,1
13,29.6,1
16,29.6,1
19,910.0,1
16,97.4,1
17,97.4,1
13,97.4,1
19,910.0,1
18,535.7,1
17,535.7,1
10,29.6,1
16,29.6,1
17,29.6,1
15,29.6,1
19,535.7,1
19,535.7,1
14,97.4,1
16,97.4,1
17,97.4,1
18,29.6,1
17,29.6,1
19,910.0,1
19,535.7,1
5,0.0,1
3,0.0,1
1,0.0,1
3,0.0,1
3,0.0,1
8,29.6,1
19,910.0,1
19,910.0,1
19,535.7,1
17,97.4,1
18,97.4,1
20,97.4,1
16,97.4,1
19,97.4,1
19,97.4,1
18,910.0,1
18,910.0,1
13,97.4,1
19,910.0,1
19,535.7,1
19,97.4,1
13,97.4,0
19,97.4,0
16,97.4,0
18,97.4,0
17,97.4,0
7,29.6,0
1,29.6,0
0,29.6,0
0,29.6,0
17,29.6,0
0,29.6,0
14,29.6,0
16,29.6,0
19,910.0,0
19,910.0,0
14,97.4,0
7,29.6,0
18,535.7,0
19,535.7,0
19,535.7,0
16,97.4,0
16,97.4,0
16,910.0,0
16,910.0,0
15,29.6,0
18,29.6,0
17,97.4,0
2,0.0,0
1,89.1,0
19,97.4,0
1,97.4,0
13,29.6,0
11,89.1,0
18,97.4,0
15,361.2,0
0,97.4,0
19,97.4,0
14,97.4,0
4,535.7,0
18,535.7,0
19,535.7,0
16,0.0,0
17,0.0,0
18,29.6,0
16,97.4,0
8,29.6,0
15,29.6,0
8,97.4,0
18,97.4,0
3,97.4,0
10,535.7,0
12,535.7,0
12,29.6,0
18,29.6,0
18,29.6,0
19,97.4,0
8,29.6,0
8,29.6,0
16,910.0,0
13,910.0,0
20,97.4,0
12,29.6,0
4,97.4,0
19,97.4,0
7,29.6,0
3,29.6,0
18,29.6,0
11,910.0,0
18,910.0,0
9,97.4,0
18,89.1,0
19,97.4,0
19,97.4,0
15,97.4,0
19,97.4,0
18,97.4,0
0,97.4,0
0,29.6,0
17,535.7,0
19,535.7,0
19,97.4,0
14,535.7,0
19,535.7,0
4,97.4,0
2,29.6,0
9,29.6,0
6,29.6,0
14,29.6,0
15,29.6,0
4,29.6,0
19,97.4,0
12,0.0,0
15,0.0,0
16,97.4,0
19,535.7,0
19,97.4,0
19,361.2,0
19,535.7,0
15,0.0,0
9,0.0,0
15,0.0,0
7,0.0,0
6,89.1,0
8,29.6,0
9,29.6,0
8,0.0,0
16,0.0,0
10,29.6,0
1,29.6,0
0,97.4,0
10,29.6,0
16,29.6,0
0,29.6,0
6,535.7,0
14,535.7,0
10,97.4,0
14,29.6,0
18,910.0,0
15,535.7,0
2,89.1,0
19,97.4,0
19,97.4,0
1,89.1,0
0,29.6,0
16,29.6,0
11,29.6,0
3,29.6,0
7,29.6,0
19,910.0,0
19,910.0,0
19,97.4,0
18,97.4,0
16,97.4,0
20,97.4,0
18,97.4,0
15,29.6,0
20,29.6,0
18,97.4,0
18,97.4,0
19,97.4,0
18,97.4,0
18,97.4,0
18,97.4,0
19,97.4,0
18,29.6,0
0,97.4,0
18,97.4,0
14,29.6,0
13,0.0,0
3,97.4,0
19,535.7,0
17,29.6,0
18,97.4,0
19,97.4,0
18,97.4,0
15,97.4,0
14,97.4,0
3,29.6,0
3,29.6,0
18,97.4,0
18,29.6,0
15,97.4,0
16,535.7,0
5,535.7,0
7,535.7,0
17,535.7,0
13,29.6,0
8,29.6,0
19,535.7,0
19,535.7,0
12,0.0,0
11,0.0,0
18,910.0,0
18,97.4,0
5,97.4,0
19,910.0,0
11,29.6,0
13,29.6,0
18,29.6,0
16,97.4,0
16,97.4,0
11,97.4,0
20,97.4,0
15,97.4,0
16,29.6,0
13,97.4,0
9,0.0,0
8,89.1,0
0,0.0,0
1,0.0,0
15,29.6,0
17,97.4,0
14,910.0,0
11,29.6,0
16,29.6,0
17,29.6,0
13,29.6,0
17,29.6,0
4,29.6,0
17,97.4,0
11,29.6,0
1,29.6,0
15,29.6,0
1,29.6,0
0,29.6,0
13,29.6,0
17,97.4,0
18,97.4,0
17,535.7,0
15,535.7,0
19,97.4,0
19,361.2,0
19,97.4,0
15,910.0,0
19,97.4,0
19,97.4,0
15,97.4,0
19,97.4,0
19,97.4,0
18,910.0,0
18,910.0,0
16,97.4,0
19,535.7,0
19,535.7,0
0,29.6,0
2,29.6,0
0,29.6,0
4,29.6,0
18,97.4,0
19,97.4,0
16,97.4,0
4,29.6,0
16,29.6,0
18,97.4,0
14,97.4,0
17,97.4,0
19,97.4,0
4,89.1,0
18,97.4,0
16,97.4,0
16,97.4,0
17,97.4,0
19,535.7,0
18,97.4,0
19,97.4,0
0,97.4,0
19,97.4,0
12,97.4,0
10,97.4,0
19,97.4,0
19,535.7,0
19,535.7,0
19,97.4,0
18,97.4,0
19,535.7,0
16,910.0,0
17,97.4,0
18,97.4,0
18,910.0,0
3,97.4,0
3,97.4,0
9,97.4,0
17,97.4,0
14,97.4,0
18,97.4,0
1,97.4,0
2,97.4,0
19,535.7,0
18,0.0,0
14,0.0,0
19,535.7,0
19,535.7,0
6,0.0,0
14,0.0,0
20,97.4,0
18,29.6,0
14,29.6,0
2,29.6,0
19,97.4,0
12,29.6,0
16,29.6,0
12,29.6,0
17,29.6,0
16,29.6,0
7,29.6,0
18,97.4,0
18,97.4,0
19,910.0,0
17,910.0,0
19,910.0,0
16,535.7,0
18,535.7,0
18,97.4,0
16,97.4,0
19,97.4,0
19,97.4,0
10,29.6,0
19,535.7,0
19,535.7,0
14,910.0,0
14,0.0,0
12,29.6,0
15,97.4,0
5,97.4,0
1,29.6,0
9,97.4,0
0,29.6,0
16,29.6,0
19,97.4,0
14,0.0,0
9,0.0,0
16,97.4,0
17,29.6,0
17,97.4,0
18,910.0,0
6,29.6,0
12,29.6,0
6,29.6,0
0,29.6,0
17,29.6,0
19,29.6,0
20,97.4,0
18,535.7,0
18,535.7,0
5,29.6,0
15,29.6,0
14,29.6,0
12,29.6,0
0,29.6,0
18,29.6,0
16,97.4,0
9,29.6,0
1,29.6,0
19,97.4,0
18,97.4,0
2,29.6,0
17,29.6,0
14,29.6,0
18,97.4,0
19,97.4,0
18,97.4,0
11,29.6,0
2,361.2,0
19,97.4,0
18,97.4,0
0,97.4,0
1,29.6,0
7,97.4,0
9,97.4,0
1,29.6,0
0,29.6,0
16,97.4,0
15,97.4,0
7,29.6,0
13,97.4,0
19,910.0,0
19,535.7,0
19,535.7,0
17,97.4,0
18,97.4,0
